AccountAddress,Amount
account_rdx169lr227xdfhvnrckxypw56fhfckyw5hjrhmfr8k2wah46jrq8g2w2q,1445268.917131596
account_rdx169c0rtcg82l3vqrmvxd4cvzdp2ufkcfctcngpelgwwzn2gu9ruydmf,574635.9038415392
account_rdx128gruddpp7lnehz8x7tcfxs9kn9n77wx6xctmq9n6h7utpdlk8ez4a,180994.68763488845
account_rdx1686dqdyg6qvkcttqu6kspvltperaenl7c8ef0tcpeczahk7a296nvd,159047.17028581072
account_rdx169zzvkdkcgdn97crz65yq47jpnlaga3acpntfkvh8eym4nnqaa9pdj,154757.36188572046
account_rdx16xet2vwd69kwurwcsrmynngf0crf3ndqr5dzqh2kunhvlrtr0jsj80,148705.2382744996
account_rdx129qa4eh2ny3e4fgzpzj8f55uk6hcq2dx204p8jyk0k5xw6zdhwwjh9,147634.9860383312
account_rdx12ynysa7t547naukglgcgz8xlkh05jnq69mz3534m9psmmnpmfr55c9,143223.6804816187
account_rdx16yt8fnrg8dlxauq7uguxd9xcq3ts0xmw4yh4uz3yyt5eged6sm8lrl,133672.18897665053
account_rdx169wmrcer4zzgrndvkfr5fspm6s2t7cuuad9l2gqdzq397rsu3n2dyd,132302.39330856747
account_rdx169g7tp4gzztn5ugvqq8vmgy7t9vjvd2jjfu4l9w795z9v5e3004q2m,121354.99284481296
account_rdx12yavmr89ujpjm9qeurn0rjkw4tlh0dmk4ssxmtq40l0qwg4l77fhwp,111580.7847483246
account_rdx12983k3w8ffuexptjw7cf2avfnzas80zn38zpwftde5hv2yhpa5fnla,91267.42243253576
account_rdx12ya90t6ydglh7e6wvxcwg7llcyhf76kdzmhaf9t30dm6m00mw6r5x2,69246.7971089578
account_rdx12yjjm6akwvlqs7jd6praqzgayzahuurskdkkz3lpq4yas9ndq4f52h,65628.69996083496
account_rdx16xexaedf7d2xc8q8h2uevdcxvlgh0zayd4q3x4y6t2z047wymqmgr4,60389.606501130555
account_rdx168uvufanql3g24pfrxfj80vlmyj9thmmw7uf7dq7afywazhn2hm0fj,59154.618657357576
account_rdx168kcedu0hnxh58zuu0cch55ccg3e9asjrzp8fkey3wnzrr7kjayr7p,53227.081920201534
account_rdx169kq4ma0kra6mxj033azqetvpakxsgd4f367wjp2auteuksclg7sfu,50866.40846536521
account_rdx12xhl9gjxpu6fn5z4nu5cgwy7wqjk7m4vmgzc2jdujp4m937zcaays6,49228.07616544673
account_rdx12xn8mqxzgkgsm5xwp0t4exjryh4n3quucmdpm0ngyft6u9udw376ge,48813.2439371689
account_rdx16x9p4prrvkq40m824zvfrhfh0qac3r22c3eyd2r2ejgc6fkdq9t39w,45627.72395182729
account_rdx169xwjd8acwjj2p5an4mj8ee3rcuzfhfyqwfgz2xsjpmvwxl99jjmx3,45062.59588132317
account_rdx16ymrezjh22skwchjvghcrxn6tk429tn2tvvw8x2gvey5mxcxyysztu,43521.942587314494
account_rdx169pdsdgv9jjp6ml7peswve58x3pzy24839lkxwj647rru9j33uxypc,42993.9844459077
account_rdx16yrue2ar9645q3wpcd9sahc9dxsmtf2rq8tuc49q9h7j9g84xwh07e,41640.11855307863
account_rdx1695jh75pe20eccx80he3nl2k56nq0vw4ttped6j3689ugzffwjgm7c,38531.982931492064
account_rdx16yqvc0yvmz5rfld6ffwkzuww55pc4njxr6ptqegvudq3r3xlraq27c,38224.98282577091
account_rdx168qxlpvvjtcse0r203qz58pdh00w2fmnslzfnrzkcr7glw6rqgulj3,37694.50051243455
account_rdx16828eu8g5p5l4ww885mtp97de6cdf6qg2rqjht55ejugnphv0j2ydu,36461.30318388512
account_rdx16x76qefcrdu8kzyzmt3rx7ru9kes2rcv6d4cp0v9txdhggf0s79npz,36436.19430445885
account_rdx16y8ht4dxnk9qx8jayu4z0j8mdu0xja9qrg8v0673at2jgfnuuurr4y,34333.98524544079
account_rdx168jq7rc0enlx0qq7ugrejcuwv70824su2fjfkdqqc0gpq7f3uewvjf,32809.00799078071
account_rdx12yj5c5j3zhkd4hnx567e03stwgyy7vqgfaw5lh3uukdz5vtavf4pfj,32422.593137242235
account_rdx16yq3a9rjyt9aq6ldat7skkatkl7xtxq06vlqs9w6v3dpwjmpe7uumz,31958.432704453593
account_rdx16y6eskw694nkmjf28e9wsaqfc6af49jzy6zqva0jkfsss97x5w04je,31905.566488693996
account_rdx169dvdw5gkk6z9u3nw9dg7lj0h2yv7l6ugcvq0pgapy82h0pqnd5j2t,29543.12457237106
account_rdx16yegpm6ug4fpwpqqpq2k2au6p62fls90spyvnay6knvt2pjmrzzqt4,29380.163556824627
account_rdx16ytpkj9av6jtaetcrspk02jf7kge8mhap7vu4gzqs5hl369u4sggag,29321.084829119638
account_rdx12yqqnj96t4vhj8h8msjhn3xvcjn2rg09vh37ekjmhk3k8y2ym233kt,27528.1927503623
account_rdx16x4xl73yy9965mjfv7rucm3fg4wdzsv9e2f8cnqnq9nhqu4t38jhhz,27479.31425514791
account_rdx169aq5yrxquyyzcux6q4t9t0y67d0qv6crs3ctjz3t8ce4clwhcy6y2,27218.747921520026
account_rdx169mh2xx94mf3phdd6j32cnfsss0fqvyalx55t9xa7tequ9vr6u7h6s,26716.423479429053
account_rdx16y76tecz07x5nkkevgykn76vpgnl4jz2rddgwuux5f97xnspqu6guy,26137.350195390656
account_rdx168g4hev82tpz7vg0u4swde3cqne8j4q5qrl24wu0ja0ustd7gkwcnr,25866.007266144705
account_rdx16xmm5m3d0h565qwqr4dje7pqk3ce4qqa2hc0atme0ednq5u7rx8fya,25299.85852540634
account_rdx16xzrtatxyl045hlayflstc74dkmt0gsufcnjkc0r7athw44s0dg4lt,23970.545051709407
account_rdx12yflkd7zhyx9pnd8sntw5fd3gzmcnflg7uv6kqvucn5kucqpx8wazk,23706.47553930289
account_rdx168zdka4vv8xt9nevcjh9kg8s66mvht8jg0smxtumm5th2nuddmhwqu,23000.34552014355
account_rdx12xd8udqw5s53aqknehnx796c46sfqhutz28fa859vh6gg5esy6hd0m,22442.116597232864
account_rdx169u5qrmwzhdygl4nedxtxzg9y0l6dq5dv9m7hmulk3nlm6824tet7x,22401.026853989053
account_rdx16xap26hyc2m0wghp2q4e3wjedjj63vxcdccvrhz3ymyhh82m9tq252,21410.13928464279
account_rdx16896af5ju92pkv2hfrc94wftx6a3r8smjt8xxxkwnu7juszd588uz6,21267.25987509372
account_rdx169xglev3pxrfw7w7sayw75jl59lu805kav7yj08dz6wz5cxwyfafcl,21197.157226596308
account_rdx16x3688j0jypjegmwql5gych8sazl8nzh39w4up0r26px5ut57w7n23,21089.38297221548
account_rdx12yk937h6qdrllv3tgc35r6y0hfwu7puacdqccwzjvvuvkhfn80mjae,20391.46882744792
account_rdx168h2fenkq7mh699k64vmgzufag5fed6yc95vhv6sce937v30mmpdc6,19735.82187174402
account_rdx16xu2t4ese7n43kurvmhv5cu780quk7853s37ha8ep8s7gkfm3fx9tr,18668.01407366635
account_rdx16xnnmw74zfamt85qq9hfaa42gl3cg3tpsq8xwpwcdfflm2wdretn9r,18548.66197680662
account_rdx12xafh0hsjugemvt7yyleq0t7776q2n8n4ptu7d7y9ed7tjfddkmpw9,17179.50243541431
account_rdx168w6lcvayynyf5jnjyffl2zxtlpfqef4zhdhsc4d37q8t8mjqcsrfs,16750.65358869648
account_rdx16y8f327m2pgsag5lu7mta26g7hvhxre9zywvv65w7lhrtte8gutf4t,16288.482495691374
account_rdx12ytf7rnjmucuhm2d2axkqlv688ycr8gvuc9fjcmsusw3gr0fkxw6nn,16251.01546326123
account_rdx1686jh6emvmme6y76d4nfn97nnphnpyrccl72n8n88pav5uhc97we3v,16103.733075058897
account_rdx12860vydsrt7t3tug0dd723dqydmsgvwr5w0hta6cvyfw9cgtq3cahc,15005.348634835473
account_rdx1286m4c9ygdsnx5yyyyj4ap4cc3xzuhkdg5sv799np46cuw36eexq9r,14683.267714710793
account_rdx1699rkldf0j9pgwutx2e7maadjmzvaphhd6ffk7qr6qxt079zsxzd2a,14676.121197431352
account_rdx1699g699svj0899pr6jr99rhq9pqfgcx55fcmpp90cr6cgmt2gznf3x,14493.153313832243
account_rdx16xpw6zpp8q4m56su53tzmxecglsqkkelwvp8wm795kmqlxlsy4f5f5,14443.826735144865
account_rdx16y6jdwpgrr8aqssxr5akdmlkf3qwzcrac6m68ujn0w9nlah5glmsra,14377.701785387842
account_rdx16x3ue8drvkte343ugaftmmexxd436pwmxwqtkazr9tpd5wxq8xcmx6,13419.181916126237
account_rdx128acsz9ag095r8uu4w7a4qtya2vmhxehvjccpap00z69y43qshwjax,13221.944466922541
account_rdx16xsv65jhluuyv9a966wtyyjcdw2kyd2qv4xqqk0h8a7tuklq2qm6dm,12854.97239001397
account_rdx12x7kdfsslllhe0krhq6pnmclx66pgecg409r0zccm79hc6qgpmzfw7,12659.4677469849
account_rdx16yvkw6ad2andevpx7z5865flmpn7vguvwvvmsdw29ahf6j58apfmt2,12535.48656701882
account_rdx169c9wr9kjduv80xspes90e9pgmg54dnsm9yqyarlknzr5khl70etu6,12510.811392263937
account_rdx16xex55ycz2j0fahl08w7te4de9gs9pc2pw0vcvwghf5ge7m49234sk,12405.50779338683
account_rdx12yy3wqnsxj9f3jjq6krux8r59rjamja3lmfm4ck5yaqdmpwhxrzne4,12367.560559321353
account_rdx16xkpvuyjjkd3xvn730fcy4mmtt504ugn8ce09zam4ccajtpgj6crzv,12182.227526883342
account_rdx16x7s8d2eslgcq5aa93va6rehden776gendkyu70qxflavq2yla989r,12161.320877989885
account_rdx128vh5gafagw8ahjcqqjcu3h94t720yx93wgd74dmsaggcqt76kh4cc,12019.899009861741
account_rdx16xdxkfsrv6cwweahfu79tkgs20r080lzfcs22wfg3mnlt5zwm75seq,11340.593799652299
account_rdx12yr4l6sm8akw0umus7sdkwegzskfnq9dkvm6f3363gnwv9v0eq8rcn,11268.973348075691
account_rdx16ymtkrvgkejdqvujzen00zp0dvcj3c620jadqyxfpmqvupl9hx7x3a,11222.646134272336
account_rdx16y6ve66qwtadj6zw6vjlhl2us8ck6tewegvu9datrv9qqv34x4ws2u,11076.927685482075
account_rdx12ytpcplhw2860fwuzdmfa9c7vjdtf8wvdc5h2f034k9w0yphx8rnhk,10958.447096244527
account_rdx16x0u3j2x3pw3w0jr0p7lzdvk07xuv23x64w9rarf9drn4736ttxf4u,10805.761643709202
account_rdx168qrdcwu6luemn7kvhc40nv2k76dtcjluagd52umuakcddh6xkw39z,10601.533335653356
account_rdx16865a3mea8scdw9h9lufgrvdenwp52m4rrsmrwf8x92re3dhv7lm35,10430.77602624306
account_rdx16xm0z377gd0mqkmmlsc28v2snmzp8nhqllh99f895x3cmz2gsdmhms,10425.696211980272
account_rdx16x6rnumfqa3myq4a03pypdpmq5jrhl455erzf3qf8ccg2wvm0469tu,10356.659204511509
account_rdx168j6xl6qwfqnqy6w7vcnfkhdxn5s9tck72mf9j4rvxu4t4tsr97796,10282.818097971975
account_rdx1297gfn7pe055xk4vpxrnklx2y3tzkl5rhckkzfsd7k53n7wmy367sc,10211.92427610569
account_rdx16x0w0wzerj2n26gnwpaydmh8yrm65yre0ck6els33qdqkfmgtp80t2,9971.856271935067
account_rdx128652dx3jajk29nl0jzc54wt4llc8gtv6aq304mc2vs9nq27vjrnpk,9755.992991910456
account_rdx16xattftp9krlh0u9fy59alymtt65phw6pm43lgdk4kzry62vsmm3qs,9673.404878504385
account_rdx16xz9zyhnntts9vpwk0v9tyqczhx3a98jar3y550s5d6dqt6ers7k5z,9660.381336287532
account_rdx12890y0d7e9zdhu6pnrr0hf4tksqrf5cwah0q9uemfa9yzru76eg7np,9648.15088215833
account_rdx12yfzej4pnkhaygw336mr4q5jguld54yhkxhk7jh23zsd3yq4ue9lye,9531.104458338597
account_rdx168r6s9q0eh0agf5wqaajaxwk0kpewkcvmrfu0v3nyu3dyzxnzes5pe,9236.122730558842
account_rdx129q8wgt69fswpj0m0vntx2kzzca5tyrzh0glrr69zfzfx0cr3zucm4,9224.377243473264
account_rdx12925xc668ajaqkdzl03pas8ue3ukgd64rdldc8n3cr3rt4l3zcecf8,9184.663898169847
account_rdx129ujtkhg9x3ekwy3f8f63663y5qpr23plljrv429h890pvyn7nwd90,9123.950068300375
account_rdx128mx4qr5fqxz8uglfl6saugrft2cnn94vh00379jw2aak8dd2f8cf6,9118.74425799579
account_rdx168gkeynsjwmdke0gnteyav8dfn57tyq5m0x4zhqwasmluv9kr7kf78,9043.148250977845
account_rdx16x3624k6nxeur6f360kc0zfrv65xa4np7r0prfzv7zry759t9v8zf7,8728.509179755862
account_rdx169sx2l8fn6egvk5yxd7vxk8c3gn0afnywtyur849pxlc2wdhpympcs,8571.008317196067
account_rdx16xvdqxw6cq7p7p046d2zhjte5fv78ng8au6prhanw0vmp97c7sfy5s,8566.937457483682
account_rdx16yrwads2t5qg53s8psvzl0wj874raczh26uach2q2zpz0m9rz5jdtc,8498.479069497467
account_rdx168jssuekzyf55l0vs6eyqmv4jv7xkrdn7fh0uf6tmc3y7elw4q3thm,8491.458908050105
account_rdx169ess2mej6xzzy5vkzufjpf2tzfzmqg78t9h03pd0gyjjywug3ujep,8175.4346799573495
account_rdx129rdexn5fqar0dzwnml8aeylgchd79r5ehtt2lyefmarmnth608nzp,7707.702605525923
account_rdx169qumpaj7nqgnh2rqaskflm8jcjrpwyrk2g3ktel9z9w3jew2aa0nc,7585.412187296106
account_rdx169wnus3g6j6mnyazsy6007htyms4r36demezj53zk372gyvk7vx9k6,7515.669350532141
account_rdx12xjucflfd3r2g29umjyvz6ntjkhkh3y90ppdsxgcnk7jqxsuvq400c,7422.070986961436
account_rdx16x06uxsca5g7m7equf3fvu5v5syytjpf55vvq4d5n32mjdw0z4hsct,7349.159909513205
account_rdx1295l5y2xwz9yn423md6tsljed6tx2sm253te0y520mtvysa5h2ar8f,7244.993056203063
account_rdx12x9tyylta69mclr78p4puw9ns6vnjtqeln7nj5l7n7gx0znkh3ezkg,7217.870393319949
account_rdx169529f0luy22q0rea5qwj68xq5jzku5pf4ugmn0kkmfpa5wlc35nxa,7208.522348466926
account_rdx1684dqhguez5u6us476km5ucpfaftsd3amj9nx4z8ctj4a8v5kzrtd6,7187.433199669736
account_rdx168uwvamlsw9vkncacyqtprz97ltwfv3w8clpuuppsk6pmjs3cwww55,6817.995580122246
account_rdx16ynf0tn69hhmjtc4w0ek5tvguu2f9re6qtcg0msgf03y43aw2m0lq5,6810.172711533976
account_rdx1286j5x83xdeez24vq08jrwcch360pyz647mav0nxr5a7v8tfsy9wxp,6767.9401124620745
account_rdx168d0sgafsnmzphqzxu40x24mz8td3q5lfk2qut6w2h7nhwp9myxhel,6722.894876633218
account_rdx1293u6wrj9kknmjmya7jkt0re4p7erctl2k28u79wy687x0f7pal4mc,6483.267984858743
account_rdx16y6j8pd5j860ff44yxu6y2mjnm72ttaffss3ezm4rmgtdqmsufgjk3,6453.421329760726
account_rdx12yknfyc8uvs35umgjx7qr6es6qz2rndsyrds2756pttf9dv44cxzps,6442.089513520253
account_rdx16xdfyvs8kerhkgyav0k86qkag8q755fdsx9r5k8a899epqgzqnc8tj,6432.707922679141
account_rdx16yxg4phn3xxntau8etm99r43x70rcett7qsh4ux0lx7jyhwcx3654a,6423.589715344112
account_rdx12y5sy0kq248ratafqsjkvf5h3jjt4lsqtf8dde6maelau4gc7856xu,6422.768183798672
account_rdx12xzk55yurjnj54uelj7fhnypqr045cv46yp4vw6j600nlekgsa5ynw,6422.467609591628
account_rdx12x79fkk3dgjyvj7rhant7ft7re84dnug3w43g90fxuxsrn04qtn3jz,6352.87998447373
account_rdx16y6qssn0s0dp30am47kte56lajmeahhmdpyhtcljclgqafkqxeldj4,6341.735277917695
account_rdx169we4laee0et54x3expteqy6y5y7jk75sa7fp7jy78x895kpmm8qra,6332.381484100991
account_rdx12xuar5jsqulxfc2ke5ua655ef6kfnn40gl9pg4ypx6a35zqtpr2lck,6270.206047238903
account_rdx168rptl2l72deeftqunrar95p9trzhc5te5czrxycmw564my2rkt0c3,6072.0880662818245
account_rdx168yjyxepuu3xpraaww03h5wumayvzypfuw902ll0valauu93ka34gf,6041.904223525292
account_rdx12yyxs46mfrkkw653lm8k2a4r05muv0r6203pcqf7584npqsu4yc37v,6041.85843515897
account_rdx16xw5gc94gdy5ze6406n24n0xz2teftf6zmje5mtnnpvecassuyjsvd,6014.8092589642965
account_rdx128tt3t29ljandyj5x7yd0j2qk5cutslrwnalmcgjvttrmfhq522e3e,5939.680236806649
account_rdx128qzfx9ctupn4mfp9ah2yp9ej87djkp5fj97wyykxzggf5q5ux92pq,5929.986829872938
account_rdx168sm4ej6wk5hcrlyqj62n7nwm5wn62zjfc5v9a3xthm8d4lugneql6,5878.859144987029
account_rdx16xkjk40czlcf7szszhzhluhvdf097anfe357lzayklws9hfj0c646t,5737.5488246853065
account_rdx16yzmta62t63xueeejag48kxapeq9zqs97hvvnuhhy6mg49la4d50dr,5622.052424003481
account_rdx16ygc46zgw8vvzfg7306d7vrddfxemm8vtd4s45ug4c2yjcfyjagl4n,5534.9945903902335
account_rdx128zc2th709q94nw3cnp7yqhqksue7v28htq0up6zmtsvuq3n088etv,5512.422892678405
account_rdx16xue5350nggf8g6daxzmn2dp3md2hfs2a29zryzu27vj4vkarnzyj9,5496.195969597905
account_rdx169npkatx7cgn83hvynpm5lqkx79s9ky3ach26z6llftw7z5p3zr586,5458.945394702716
account_rdx168x7hp08wllnf4lknujged3nwxsmvj7ccz53jkznh7lmadpvkyu73m,5452.02645954375
account_rdx168vvrqha86eudefv3g9r8jtlxqpwlgpruls5zy6cxcp2a0rwp0a4ap,5376.326172049081
account_rdx12x7z82rjgq7yxqsv7tzay88t43yhr0pnpl4aunx027jv8de2aktjev,5358.230841499583
account_rdx1293rwsfsplk3m2wcaehn65n0l90stwd2lg9lfcxq3txeqz79mrdn9p,5352.275845063301
account_rdx129hj9jukklqvhe6jgkx3qdqh6q2zfrgpqle4muv7ujm6frw267veap,5122.432207318325
account_rdx12x76ds9ynf02483we8kk0yu0ktnanqzdqn60yy0snyf2rk4mlmv6tt,4903.923736734671
account_rdx16x2ft6jjhtfe0ja67ary59ujc2qhzw75zmepzwdqzyvc85etn80l38,4822.517321825046
account_rdx12x6rthdkkurt0nxpqtc0ez6s3m3ma42tw0xqqar5kkrpzx2rrswmjt,4790.355666334023
account_rdx1288qmk98tf70efdped3v8dwxptflphjs0wg75qldgl7pfykdswspmx,4787.832905720165
account_rdx16yfxp4lv7c9ggsdhf2h4kp5mtnrwrpr4zpsy6ykv8s88k95gyn9s8m,4776.841176460346
account_rdx129xkqj9dztj8q06xz7pkzl8ly2dhvlg97xjz09cfw3htwwjxpsvkax,4766.292778008525
account_rdx12x03fkns5nux0d5rqres5nns0gehetdwzje8j5rq6l3l460xdw8hk7,4746.213639515635
account_rdx169rkjtzpxtydetuk2jy8vn36jl8vknajyngc8qlh0zz5nhkqx8dfcl,4741.641300401485
account_rdx128n0en5jef2jwf4xzxgvvx06v30zgw9l4pxmehk8076xslmy5qwha2,4739.308408890914
account_rdx16y5n4sn6jaula5wmlyqjmlvlltenxpwpgqayvxajg30t3nz8l26j2g,4725.200071263576
account_rdx168y60w9u6cenh6wq42hvhejdkl2yuun3rjj0m23qy5qr3jgdxvj3ym,4689.448399784368
account_rdx12xftxv98ujrg9ykavpvnv4d8uvehv4l4k8muntecwkndwfakjugy02,4670.550180051017
account_rdx168q8lznmhqdwzn2wrhr9yde0feh99ugm23tw0mqgwcsn4fcgltytsq,4665.004215140598
account_rdx16ylvjns5xff2z9n89stl7msq7dgmgjcr07ky2jj2ju85kwfs0ajtle,4598.193578773057
account_rdx168zg3a2ftml8v44c063nrpku6rug58yfxsu26pkhkc7ujgm3x6thau,4597.44204871672
account_rdx16xvwsedaptxk8ejkt4tq6nkvflvmztdzwx044pallk4n9lhrru5zwk,4550.197445374473
account_rdx12xd3nfucvvhz5qvawyematunsr74zg7xqfg6dsvj74r6vruvlpxxtd,4504.326931434013
account_rdx16xrtxjjtwtxmgm0ywxjs4f9kq4pu0uyt5ep2lp8mnjjnkr537swsvl,4453.536331522866
account_rdx12x9c8hqh9m5vya32mj5m2tke5wk3wx92pwecrj8z7drx32yakz954f,4430.9702106019495
account_rdx1686glfx86e308rrmkrp6h644ncqay3w80dhtul0yffduk0qp8sts5k,4372.135212682845
account_rdx129uvx02wj8fkp4fqyuh6wu0xxtnsa6hzhhhfnwtyh2963vgdpas08s,4334.445768973759
account_rdx12yunp7wd969nyhzk2f4mdv4qa6cdkk2v4m6ngz4wkxsmzk7rpfqydg,4313.854342072992
account_rdx16yaa4949mcmfm0f5nej6kt4qd9m5z67xmee7yar8uz2l87aqnkf78v,4310.672805763855
account_rdx129vmy7q85e03zl7aynegpn72hxgs44q7e52a6clk80fsad2skeu222,4280.091395582309
account_rdx168u406yhe50nex7naavkw6rxtklhqp3mtrzg5ws0g6dp0y9fnmc9ky,4260.015086716246
account_rdx16xd4cm38gyxxnxh4t2g7wsy5hnevw837at38whp85uzx8ghc66aty8,4253.376071018263
account_rdx169vflen58p64nm3rgemjmqlsgkhfhg5kjrdvp3f9k47z5gr9ffaswx,4253.242109961699
account_rdx12ye7xh6uepar0s64flcksjg5dhlq55ksfh53yductc26g85x2rat7r,4140.987235233452
account_rdx12x4x9z2735qtlu6de8ghfc40s4hcm89x0adyxdv8rvh9h5cxx7jvpm,4121.687449664587
account_rdx12948e6t37uakxmws9rwzg5pxevjq4zlfj2nlencsxs0enmttw3jx2f,4115.805896901672
account_rdx168c0c9xngpx3e9fkzj0y5ru30lsyrdrw59v4wsrmzztavls3hk02fs,4020.1234122185965
account_rdx168gx6fq8xs0qvg7xgvrjh5ckavjq4wtt406gh9x8fu44xfdu4ctc0z,3989.4067316043024
account_rdx12xn8qz923552fmm9pwuz67yqm4kuegzqrxj90a00syyt0e2xxutycm,3959.259034259196
account_rdx16xlp0lhzavs7s3zqne59lsg6m7z0ql0l0txywku5w0em9d8c4mc0lu,3919.633341025666
account_rdx1290y3xyws5njwzjl5vg06yzl8u8sdnvjs4krghnqh3kesrunrcw5pq,3863.5315018916754
account_rdx129l6xkqpkslnw4g3htcd4xdy6thysuy698ux67qg8yuxgep7zhdtrd,3841.317409372512
account_rdx1282cyt2wr86y4galhdqmrgyafmkqda32ezm0rtl5lxq64xp528ngex,3797.4037640474035
account_rdx16x49uf26h87kqhle2nxr5xs7pzjad7u6kyr2vy6au6y36nllmnzreg,3765.8221534826357
account_rdx16x2kddwuvaj39fvldc77c2el0g6hs2zsnttrkt2464kxf522k5ku55,3764.8892288996353
account_rdx16yk4x43x2e3darwn9atlp6w0jtu8hx4gyk5acpc058wvcjn4ha740u,3763.361438974698
account_rdx12xdpxkvnu99k56mt2mz2werha5nq98v4t2cffzrtv2yghc36rg0qfz,3721.9171871047506
account_rdx16x8f4srz2d3wn044cpre9azg9avwywjdm0kqq2m0ymmwkn6w4kkaf8,3667.5214137500748
account_rdx12ytclc359y9j44kyqj49aeh62qdj8cyt4jugt87d5j8vy58azrq4vu,3649.9959136798702
account_rdx128n7rgs8fq052qumddj0ex0smjw75fe7mqj56rcy0l4pu9azk7d9ws,3641.1886673012673
account_rdx16yu5lsd85ueuz9mt0ppjlmcysxyy79z9ue2khacr2k4pgvwhk0rpc7,3634.6378918266364
account_rdx12y4e72zs3033yllws5ypu07swcypwa2zpsdjy37v2q7ku73lpa4f78,3603.1957406127294
account_rdx16yn7zrjxh0cdr39ytqkjur5q9zq0dn047qql5ptj6uhyyk3aa8p6y0,3603.167637152607
account_rdx12ye2ea22ajfadc3z0vftcmsfc8juan2ns3dvcm5whknkx0r9wtfyv9,3530.0027819328216
account_rdx16x3ddrtdvhtdg2qcwhmgkjuke3cqy2f292rj2wywa3sje4n9jk4cpr,3526.1541467981397
account_rdx12x0c2a0n73pk2yz6zpc9ea3npvlvdyw0q0uxkwy0f0jp0g5ny6lhep,3523.4412875432795
account_rdx129rw4dp6swukpgt9zs6rueftjytft3klnhrmem4sz3qzy3lcjyefle,3512.8197364645753
account_rdx168ktmqf7vtq6juvvawa5at45hx4supe8gtsuylgfrpd63clzwpkpkv,3498.107549520733
account_rdx1282wzwqr0n84dt5u2v63682yzp08n4ywczxl257pk25rm8wn0d4pvz,3470.8888933265453
account_rdx12xd24vunvwxkl4eann0ra25utku25zzlk7975f0432tasaegh7dtzq,3441.9580663844654
account_rdx16xdcqs2dexdhd33mw79jklqaqn02n9m0p6p97u88qn52chupsqd583,3439.8429721192947
account_rdx128uqpdtxucejz78y2udards2c6whvg3u4fkv5pyyq5u8xyar6s4wy6,3419.2261557883326
account_rdx12xpw2n7a8aeqehxwc9hahd7fdxxmhj2948nva77p3rtg3q4vfmcz53,3377.0710797420634
account_rdx12xdl82qnkyf3g9j7s0c06peaf5t3c8s3m60jgqsy3v6hqp8h0wz6km,3354.7317817407875
account_rdx12yz5xnuxgsvukpvmag5z0d7n3js44vuy03jmmrrp7p9r78a7q6pgyd,3316.418793287157
account_rdx12ykcakzfpr9hz00tgsn8arnsgn29g0ma8ptm9tevyx5cv2jg7tu5z3,3262.73307739018
account_rdx1282axfl0ydwrj8l3j4puccnmjxq3au6r6qphcxs6wr2exktg9v7r8c,3246.308751057536
account_rdx12xztgrmux5m7t578gyq5q5vku9tg95duue4st03jp30eql5pt2mtf7,3201.9675769953406
account_rdx16y3grtru2f0k49zd9svzlerf6e0e84468hjltg4tv42azpf6vkud9g,3173.2320758074425
account_rdx16ygfvx4ry0wzk46mm482pc6n4k75lnlnqyxskm0rn90zg5chnyuzpt,3172.19664580926
account_rdx16y456sl4a9mvhe9quknj7qe64jafcmt25yeqp7j0xw5h6855cy2wya,3136.9864426861036
account_rdx128u5smsxna45ftrdqnd8chusc0z3xvtaz9j5xhx7cfq8wc9tkpx44s,3135.3755827483137
account_rdx12yf4f763p5wrustpfcdqnv23deh3zrxv8pukdsqy5f049cfdhj0hfv,3132.136709899642
account_rdx128nmdd7nlv66een98meq8cmjmqh8uh0uly5s6d8u3zz962qufp0fp5,3029.437898294676
account_rdx16x0d2ghj37hzghsllahy8xzt72qdav7505wprm7yccnam70jn54cws,3027.018158715478
account_rdx12xkthr4vjd8rlumwrumywd6sxnshc4hweu7dezhxyavs4ykh9j4gpv,3017.8971999609525
account_rdx16xv3fprttahs7vjmxw594hhydfd63pcwjd7ce6yudvptewqnpa6ahr,3015.5282364026884
account_rdx128td5c49hjca8vw2ydtjlxg35kdzm3uhndcvw5mxdnvtas66lsakws,3007.806332303086
account_rdx128jtlz6lq23kks0cauks46ztcu45rs6chrgk2exav4f27dt24r7uy8,2985.26007467223
account_rdx12x2msv680zzsaz3u8gy8lg3ehxfwuspww2kxlpggvdsffedmxvhxzd,2960.2252014405653
account_rdx1287rpeve5t6gs0lr7nx7c0gjy74sz94lcr34z03m24w0aw8x32xdex,2958.3989872214065
account_rdx12yk8wf8mmudd0haq5kh2wr6e24mf6yjmfvmlm5xu8aq3kncceucuj2,2936.8821229196155
account_rdx128xl0pt25jptvp2qd998nyz8ksmmvz4er9yzxrwcd0urgz4t0qt6yy,2933.5197489185484
account_rdx16xdxvvpaka37d8c0k5p09ga5ek5t0l8e5hdn5walvdnwd9fplvwk5x,2893.3457986001777
account_rdx16ydzpzxk6s9fmscrxdkzmfcqdt9f52psyr8f990y2wv5kcs6yvnr8p,2871.216672164791
account_rdx1299qpqzwfh84002v803n282dem7ar5u8wnjsgkdp0302l0uk88u532,2869.9722174007256
account_rdx16xhjum9ua6g2zwae7nqvny83xda6pcqaw009yrf4qm0y3all7wa6jh,2854.7977219545282
account_rdx16x4zpl67kd7kfupphtxjna4xt6exmvu7xvwqfksve9fphzuvv2szfn,2836.235956861243
account_rdx129uyqkx3je6fxj0cecr2xm4gaek5y5ar0m0477zqanxmeancwjkx8d,2810.8084786346426
account_rdx169j92vz6j24vn8mdune2fcq9uxq077g9d5dhzngm0ee2uyw7zw34uc,2801.576663798038
account_rdx12x2678wdrtsvcqs7mv0d79whsywhszd2e0lzv4rmyclshv80zg4l6l,2766.057346199581
account_rdx16xfms4vmme4f6tk0ydnd97lf00nc0uh2jfx3ndl7k05c7e83z4hgey,2720.468797176761
account_rdx128dz4hhjs8mr3t0ke5wdhmene7zg0wn4zrujc4seqmngpcuxzy7lg3,2715.2730431822856
account_rdx16y2uwcr6p99v0sc8rq69vj9hmdcx006as5pmlkff7y2g0x38mdjahp,2680.8072849320297
account_rdx12x7t3pjg4pl2a0vmmk8a84y7vav6wxmaxhu5mrhcd0m59duqu4q5x7,2671.1850284032676
account_rdx1284egc9rekdq5226hg9x3z0jqtakde60qp6f7suagy6q9s3kc2wv5x,2654.485747893269
account_rdx16x8wx70wmakqa0ew9hnnpphkte5ypkydtpzhg3u84w8tjkpje3kvtp,2594.0341495929833
account_rdx12ykelgdmdr9yvmn4eek0qmgvzmatqfj0dvdg6ddyvls4hzurxgl6ch,2592.343485887503
account_rdx128uxkcf50sj5v666yl9ql2wn6zhd5kkegrpy02q99apfp5zjh9jxg4,2584.8448565510375
account_rdx16xf99sthyn8ud9nr97vtds7tf9dpml48qcc9cpr3yf0t097llt9e09,2565.7423295020794
account_rdx16xeeea3sx58tmgjhn4jgggy4mcd2zcguv828u4h0m2ylg39wyjn8da,2565.1848509313863
account_rdx1288jsf2rzxyzx252lp96zktm6rpzq4e9c3khesvzp6tvmdl2dcp7wy,2500.0622331639206
account_rdx1689s85jk4vk9mh2fqm8l2am994kjwlcquwv3cgf4hjp675su70ttcy,2484.0016415176624
account_rdx169gcpj204d5jwzxag57z0p3dtjjurnrzdrhs239enzfajda2da773a,2471.191860044184
account_rdx16y49uqu4gwtmd6kr6z5j4zhtrg9q7s4cjv693qezva5549kns3hsfk,2464.6891642063747
account_rdx1687ml4yvlhfdfxkjhlpu4ek3wp95jgf5dddvp5xrgwv6kujxg8d3yf,2449.559727728446
account_rdx16xlk2f3usk9tay4x72026zqqsvs8zqrje83z2xvy5t30fajvqxzyvv,2448.9753942182324
account_rdx16xm0a38d25gz6n3qxaweh57glk5vtku4f6y0rqhq9787julf63hux5,2440.6723820457996
account_rdx12843aucsgmmuywxuxfc37jtzss3x2nlnwhnmd5xjcqt0fxm9xfudzy,2432.7675432941046
account_rdx168u0lsjpe6cgddz9cr6r23e3vp6thq0j6rklwvngj06nefustey3dp,2412.4680220708306
account_rdx168yahfunet7tfdddy77qcn94zhp2lkx5kjtnj0rkz65jf2gv60zqu6,2411.10423828394
account_rdx129sdgvk58l6phj5s6rk9gruzdw822tj7rqrdlwpu8p668dmw3gz3tj,2400.1887341797355
account_rdx12y82swmawzgu4c8hedhmyplrluttj5cc8hawtrhr60g8v57akt7ene,2346.1685757641017
account_rdx169uajrk7zxzsdjxzqk7tr975j4cfqujxns7lshqspdd8xj5an7anxw,2333.4436793793852
account_rdx169a0tglhrfxvxtxx3mvuytkswehynuytyn9usaehk7tw0c4rxeewru,2330.5295465838685
account_rdx1682dprz7ceuq6ud4sc73ewu93ealsxsmtgucmc9yl02tckahf3clcd,2319.977856538438
account_rdx128myjavt24d976dlse0ss2y3kg6sgrg4psv4ywh57ct9pueedk3dgq,2312.158317548964
account_rdx12x2aldlrelxsytk2lzkrjhwmlr7hqe0u5582fca88ncspzvg8l4dgn,2311.7009569623965
account_rdx128tc0xjhdul93rtykg9yasg7vrrznv6vn4ep8aj0m55gmveju7xzjg,2284.429742945192
account_rdx169ryqag2h5nt697hfecudsq0e5h7ya8gegttu8w0f5yhzrqfz3jhdw,2282.9455626739364
account_rdx129fnj8ey4jc9nfh8gzps29j0feqyrq8zvwu7aez3fn9sszwkwqxhgh,2251.7951323331417
account_rdx169a2z707rerje00klue96g2fsdm7fhx0n0nvx9pd2rkpav98ea3e62,2197.213917596623
account_rdx168gcvt2v4y89gzfuu8ktd8uhfpkcdslt298kau50u69ya97c56edjn,2190.3354284090715
account_rdx12yuqgvswfhvd5qcyt6n560e3ls9z820rfm7c79dsq6jr02dqe6e30m,2184.237098498341
account_rdx169q0d6zqw4xp9kwatu2am8hq3ag0uzxxhj5c4q76yz89zr9gvzsksu,2167.2834971315046
account_rdx169x75medatjwywhnmk49hcyqj32v77p60x22hzvvfkssxjytqpppvr,2122.28813266135
account_rdx16xct0azdh2ja4kz4aacgx04p2khqe2xsk7pc9efzsuq3m5acwqjau8,2107.668216136725
account_rdx12yjzz2kx7894enuzfv2de06s42cwq003s8wdxw7pf89pfxl278qfje,2100.6151021757664
account_rdx128eejshz846zvjer46qhz5vewf87ys6n2qhxm6qxnzkvwydknzqsax,2044.4403345561548
account_rdx169jjmlwtrw5sulrukrgp5ng9jp96hrss5w0j4t09x5cvnzgj8vh9rc,2044.3958669087585
account_rdx12xzs58n5xwhfycacy673uklsnn2y8az6w975sdtqt583282tfezk2m,2042.5155752939024
account_rdx128khs8a93h3e7h8lq2aseec94jcalkvcakhzscl26vuhde9qjdq6d8,2042.4236780171914
account_rdx1297ruqpc86q0gkewgqpxucfku3tajh3hmg6dypnuutnu6yycl35n6z,2033.8312364401
account_rdx16y88sc4h4gjnsh6cn7mz4vfleex2at7n66yx9ujsct0k30yf6jx6d9,2022.3350720565616
account_rdx16xrtntkxqyl8r6arn8gcm55g9vz96sely0ce5ua35c8n0yyycc374v,1991.378959153552
account_rdx16yet9vvas726d73dnmvdwsct68f4psplwptxnyhx6uw3nqfuresc68,1990.405812045356
account_rdx129xnvr6td3zfa9sjnnm320aw5eat7q829fkl9x0qk2ll2pprxdva0d,1980.8856980627954
account_rdx169y5snxj8wfwfs9qn4z9pehqkccy0la78pxf3ukn246xxlh2s3mtxc,1957.3619960255103
account_rdx169ch72gu5m3zh3v0wa9fx6prcu946hxhfkx3k6xhq2z0j5cd2pnzhp,1952.657498905281
account_rdx16xsfhaed94kgpdcqn4hkkdh4q6gp53c09wdtzdyrsjpkpxmwlzqcpv,1945.1029370577548
account_rdx12xwjpzy4wnxzpe92zqppqstk3a7278lzfzvcxzxsf3vwzrpf8p3a7j,1872.35207487735
account_rdx16y4x7pfc75wag89cdax6lnwk7cnwcs77wpw6sd8mwf2u9ekvwstv8q,1866.9743667406228
account_rdx12xcv0tljnqwkpll4wzkpe8aq34jknfzf4l5m74y737z3jf3xzsg9la,1858.5477471423358
account_rdx169uhwkusscp9z0cv3q9q34k3r4u7yu8petc6ny8w5sl5sngtk4eavv,1858.0945381367246
account_rdx16xvk45w3f3hh2395j62s5zetaq4p2fvxzt7lsxqt33uaq8ls94537p,1827.4225941918444
account_rdx168x5a4vfcz07yk9kze4uw4nswejjdekm2ddm538rhuhenye0z8hpal,1812.4010126514256
account_rdx128m0qup7m6394tdc7m23pe6qr60st2f4yapqfq3na8rgt90ylnf3eq,1809.6066084758706
account_rdx1287s54vtl9f7wnzp5ayyn6t2xqfmusngjpdlc04ec3wd8jcxncc5tn,1791.2560240789342
account_rdx128rxg3hyx285rsgckka87v39vqyvyhu2xjya5h2k7jd6hqs8rhgtxt,1726.8572368433527
account_rdx1289sd94p4tr80t52ng5daeh4sjnmgulwwpzrymvt9e26yvu6e2fcq9,1723.118477015835
account_rdx1288rjjnh3fe6wsaehpsldq9lj4mpatw8y02esfx33jx07c66l3h93t,1721.2596679504384
account_rdx129k5z2ru4ev6flnf398e63tpsqnt034q5wuasuq6sr5vt9p7je5232,1715.238130814552
account_rdx169ha5e8g3p4hl3h8epvm6zrkdjjpv4t9yl5nk7pme37y2swnvv5ejt,1709.0574284477088
account_rdx12y9lwrmsawkp2uqntngxdklzau0e43w2rtsgkdnj0u8sc2d3ym3e36,1693.9044922324188
account_rdx1293qwpgl2mfa3tyzktd00d92nfqmhu2rvv8xwnh8ptgpfs0f8eq9td,1684.1741481914148
account_rdx16xyq7qpz4ftt5lvxyvq7407650kr0zsvdywz7cufkzhghnmq4lwkqs,1670.1740830099877
account_rdx12ywfkxzz2ehqpaxu5359f5d9ndef4pt3mnz4fru4tatghjgjcuyd75,1664.329657756696
account_rdx1294w90c6zgwzyc2udp5l7w8gfn5mu09u7ydvy4xed0f72m4e099820,1652.495621256755
account_rdx16xaemeucg9nwlr7duevrfx370n9vyg375st9xlj2sv067lw7dcp6sg,1646.6254552352984
account_rdx129wvgummp07s8tdv9s43gj8z8qqely2l38dx994lv0uhmtx8dhkepf,1638.9292161778105
account_rdx16y0ray0cy6qzwgy8qpnvpwpkxdwpp825fclgxgkylgwwpzkwn0qrgg,1628.377698863119
account_rdx129hxzz622cc2zw4l4t3pv7raq773gs8n6hu3e4culrqvhsh9xa40pu,1616.0459368240724
account_rdx12xxapv64229n5ddfp8kvjwmes7alutf2fq5ugu06cj5j3a6gkf0awm,1608.8223185878435
account_rdx169d0dpfwffr4r834nn87pjaldrusyarmzf3xpccmffz97jtzm9wv5g,1605.0692502952252
account_rdx129waksuk4cpjwj7wm2yu44rlja9kyj0y6all5hrvzuelacy3gjma6k,1596.5641257122559
account_rdx129q72ljyvkps80a6ssf9wy9zr6r4yx2nveduy8pprdsuszy90kl84n,1577.0383837513814
account_rdx12y6mshq873cg0e0a04fquxaxrue3fqzd7c3arq90gsvxx5tfpccqw7,1564.646245903002
account_rdx12xjupupql03fyhwgc5vugl8hy46jpehxxxmlkrjnvxlw3u4a0rj2q3,1506.5920147092063
account_rdx16yrtrg3xlfrzjql2yzm8z7ry2enf04ztytncsp8r3w6e56zpyygwgw,1499.5913690025322
account_rdx12xet7kwkzrr7vwtjaf8e8k32z0y0yn5qwza9nte4h7uzhtcy6u27ff,1485.3700345651826
account_rdx16x6dav5226cl0capm94tw7mc0gsmt6v25atxsvx6fckfs63qajl2nm,1484.5244318512398
account_rdx129lm0fzzwhda68zsn7jt6g45fx00kdzv5djdk8xqdkzp42gslrzfrh,1465.5745811639804
account_rdx12yv7m6f8e86el8wllqrqgg7qsfge0a08tlvyyhc453ymzgfxu260e5,1464.0393852269997
account_rdx12xgvf3dxmqtda0jwd2drr5gk4ufhsgnzh68rjy929jukgu3g7cldgd,1441.3250814834826
account_rdx128vac5l5zgvadgysh6zpjudkrc0dz9sw0cumpkxc8mmefxvkgd56vl,1437.2992839690037
account_rdx12xazk6kyfvvg3anszhge88f63nlsa62rd9dupvnfgpvmwwf29h7yzh,1432.705087849328
account_rdx16xarevumgu8v6cgueskpnj35f57a87jlt4lv3mp38dgfvmk3gmuv59,1419.2642778779511
account_rdx16yr77v5u8tld2u20zzfqs59zvuqzswcgrnutv5qwf7jhmk7kr2jhe5,1408.2345533741345
account_rdx16x5etnm8ymz2ayfwm5jvlsj65kh22usexl8n5ystv9wrz4963njfkq,1385.5273113899773
account_rdx16y0shd9jn5gy9uagk0anp90445nyqjhxsedj0u0q5apnwxvkqqp95g,1385.4428391489096
account_rdx12y8u2kz6gzh7ejzunvmzddty55dgsqrkj6lf407p2e3e75hk5hzv0c,1357.4785629347234
account_rdx1297m007vgj4pj42dlc72h7wne5fvsn4m74gcmxd34rzjqxeq8nj7gv,1343.7062253676045
account_rdx12xshwm3huw4832zda8mmjamww05uj4s48gk8hep2hhf948078y66np,1338.9458382013313
account_rdx128927efkzklkhdftvu5f3hhwj38tzkex0tvhu2mv2f4lg3kzugx93d,1326.6532218564607
account_rdx12xh7dklqatjtfgvxmax0l5hr4mc3fqjfzh4tqe380tm7elsjaw5rgu,1323.1272176267155
account_rdx128ynz2mz2z8yzhuv6p5uklrm42uy0vl5p8cjdqxq4tave6zehczzlr,1319.065576810133
account_rdx12xrcctxhaydhc6x7qmg6c370hzgrx7g2ce8fnv6zcnyhdewsucfmnm,1318.2049796264876
account_rdx16ylknasprzclqlze7q4rptll5m7euvfywl597xaavtm4j3fcal2v0f,1310.6110396497406
account_rdx128v72gx6wcsfekjfpaj94kd4nl78nphzvx8lfnrv8kct274k9ya5vw,1303.470659766136
account_rdx169869ept5py58zvjvrdyqjcyeuj7wdd99swxw57ju9awkh3tx2d3jz,1282.7704036498835
account_rdx12yq2r7njvk6w4lltptzn7zm9ygwqj52ysz8yssav8y7kumvkpsex4l,1280.8870065352348
account_rdx169zhz56ul5fy8r9mqsk3n8y6lsms9lujgzjsjk2kh4cmn5xfp4g29p,1277.0734088304644
account_rdx12xndph47xep3uqxetdcdw3nqglsh2ztcf8mhfe06l7xay5u4mfpd5d,1274.8696265795172
account_rdx169e06ca2usnrn0fkus06a6awfhll0dtwc9x6udt9ukateqcv7fjhe6,1259.8610802318456
account_rdx1289kp3wan60npgfxckepzkmwgwu7d83p5pldl8xcnw3f954f706jt2,1259.408488101498
account_rdx129n8wy80sng7r5csmjw5y3x07jkum83k2wsj7zpqqkpalglrl85x0j,1254.6671187381312
account_rdx12xurhvqmffpq70qflaahls26qurfk05ttpaf6ufvuqf0jjtfpalwm2,1245.0617047620053
account_rdx1687eylz9lqdssfmu6x596k07k0e2t7n8uhylyxnxwzl58dw62ja0d4,1235.2881072871248
account_rdx12y5wv54adg4xj5xejyxkxz7z3jd4hja9jq0s2mdhadr63cd23dqm3t,1232.1793065795646
account_rdx129pprqrzfr0prsl85peg4t53a7qelqc2rtdlgpp9997xg53y3cdade,1224.2968501064329
account_rdx169c59m6cgjwkpvjfh6mnpwvprcsflzvggnyhqx5p0cxpgdrfrspjvy,1223.4578757042482
account_rdx16x7ay2l5cpqj0fgrhe0fjeyqw4rzkge6gfasluhljthfn8g2ztavjm,1218.9647454979256
account_rdx128klgwel8e2sl8kgxw4lqlwkguj05xssfqgcvd5zx3erpc4w7da0ja,1217.1803443700537
account_rdx169lmhghwj0xmtcamhp9ymgvgsz33me0zspvam2m4k9qd0ghatlhgph,1213.645276039052
account_rdx16y8mwze40f9q89wsxedm3xv7jg8n2achc6wad0hc63we0tu7ug2kke,1200.3718357963376
account_rdx16y4ucgt02pfdclqqrnz09jsp8gx6p8usp3djl432gz00cdclpy59vp,1200.1366706395038
account_rdx16x79qt4e98y4hy5vhcwdlvz28629mh9dpplerfg3nux5px7ed6rlhn,1198.3996886919713
account_rdx129zhr4ukxeeagx83t0806xqevumfksmzce5uhltyf6xa3reaq34qme,1172.7991817450013
account_rdx16xgsgkcj9thfd5ag436srpzlhyykr8mcwtxulvh5gg7u066yx0valu,1165.7931532036685
account_rdx16yylmjdvu692j58mgh6gjh49xzve2yytxjvhpkc5vwj76cw86x4mcu,1161.99751535535
account_rdx129k3mq6etyenjyylc8pyg02v8syrhzhky9tdvzrku7x84jju5wm7hm,1158.8455502576371
account_rdx16ycdwmpkn5lnx9mzkpcrjxs90fqzp266kaq3sjhzq9yvay46zrzuc3,1148.9058507362943
account_rdx16yyn74pdxj0jegk8hullpue6wqmtmydkkm3dlu9n89g56nu5wl4ppv,1136.9174765152206
account_rdx129pl0vrja9eh7umq06nm9v8p3f8s2yy7qrm29964a9nexw9lx6wzuj,1124.781396000774
account_rdx16yddsca5z2xnnx2yn024582er5h7d9lvsc7gk0uuh6h0jh0gscrly6,1124.0661111033842
account_rdx12x4lnlaek8ws5f3kr5rt2zmqa2mr623duhazclgkyq3wsuc0psr860,1121.0617438399402
account_rdx128yl3970lh3jylkwfprupds5qe40jnyghmd04vgzmcun5cuc0gv53h,1099.3114653080193
account_rdx169yk6nmwnlsf0enz8z8w06htcjudum4kfulmrt3j5uk9erqv9v9kvh,1098.9971440920021
account_rdx12xfs7da3f4cw3eaq44p6l7m3v05cn0qw8jwtryj2kdet6p9trewkzn,1075.7921818209059
account_rdx128nt27df2n4wnhpvqmcukf984vqg6e0rt4e5zp2y58zh6hmu8jrnsg,1070.7196218935003
account_rdx169crlwez6u6f9zaw50tlhpg85xeky7zmdrzfnyd9l25mt7zmw4tjck,1055.303993766357
account_rdx169f3zszdnpuzy0flv5v0fs66gta42vdfp0tnjft68slswaj4p5glxk,1050.9832027066525
account_rdx1286yvtyzczc428y2gn6pp6esayueu6k6zdgnx77t7669elxpv5rl9g,1048.970236682548
account_rdx1683ah7kg3ndfxxg3cf9gprw74m53l6jg96jzrwx6kurmevkdq4wkss,1032.827824400296
account_rdx1684avnnvfqmk86sn8p9mg38r9j9ufd5cqc5sdqrsrmc68ev050tpeq,1022.8216262469243
account_rdx12yuf4knlc57jhpspmqv2qnxrnvtes9qwk95heqcaewks88r82au3ah,1017.3812171156658
account_rdx12yqaskx8q5tgsvn8fvnpjpx9c25u38yrgd5cx0cnjfc04t3xvgr99l,992.1640974831464
account_rdx16y5wwn3gr8v5f8f6s99533mnnyluezd3t7jnzl8znwfvp0evhmld76,988.6837572091594
account_rdx169fm8vyar8eyx9m6ykncuncxxhlxjuex40k6m94ncx75dg6dv363sh,985.4259037286437
account_rdx129wdp69u3294llnummhed9ltprswuz49z9v9p890856m65mn6sptdv,984.9126337517972
account_rdx128496dyfrmvql3yjjjgc2vjcrx58xcmx0ffzqd0rgaplru076pltt9,981.5496509767075
account_rdx169vt3cleuf43px2aduh65gfkpzq8kv2ea3c05j059umg4nrsj37gdd,980.3638555683949
account_rdx128ze30hql8p8ux0ph27t4x28t9uu9ly0u67kcmrc6hk8hdg5hsercu,978.0971466591327
account_rdx12yglgzch0rnpvkpgrausz2gkudmywxpwwhlypx9t0k9y6fe6e6kc3s,977.4000164142282
account_rdx16xjpl9ngkq0y92ks63m540qma3lnh598snquw9y5y8xgywndhkf2fm,961.3883671251892
account_rdx16970y5rrt3zw099dvz49ptfvrek74ds0z9jra2dvtjhjp2pvk69jdg,961.1441210228419
account_rdx12y8489smlsazx0383xfygxmhv8szwynnqdn6ueyamynrmsv5yyzd6h,959.5630395154019
account_rdx168wdpckj2ndzdw8k6aykdeeptzpe8g7x4ufrna7v6ny6nww54vzw0g,958.7395627923539
account_rdx1292rsuk6zcedvlsqwr7lypadpczypdfwmn3k8kdmg55x4dnenq7fpx,956.0526411483501
account_rdx128vpks3fn9w9yr6mdj8zpz8ma7azf2k5cm0qasq37rt572m0v98qy7,945.3364864283965
account_rdx168hqmldumaq7y4shn8fje39g34xlkdkd23ed2ewwsq0gls6tk2j2la,922.740121301406
account_rdx129kvcn5uqq4xgsj0re6ktvyantruyxtcn6s8jzrggrt9rw4hcy4wz2,921.1995615448385
account_rdx129f2lvusl9gylxzttc4g6ynjstyuwjd3hzr35m4shhy807lalpe60k,920.9140154231236
account_rdx169v9wkndnj706m8c2xc9r4jua8vh9cr9e3k30xzsz65xl52t7l6jak,904.7135738040669
account_rdx168fl735m4mwn5lucx40mck986ydmccnkj694nvykmewzngc64ftjs5,899.3928889918428
account_rdx168pcadd7nexs7m0w0tht4dgy0sgsru3n5md2s9ydqe3e2smajectfz,880.1201080138927
account_rdx12x3n466hvxp55dnyllj3rvmkwv34v0yfjwsj9c6srz8q55alpds3zm,871.7726898199975
account_rdx12xdmdz3tqk2t45s2kgawarn8539zfay0hej5u4a6gpv0t9t4wjf2js,865.0146699570197
account_rdx1297ptxla0tejxlujp89zqs7jfk4fwl5z2kqaem93f05fysell0c2z4,861.3605033990801
account_rdx12x2qug06n4vc4d9v4ux3pvgj9wuvxl75kqqw3q7yt7mpw9llx02yu5,854.3657434539864
account_rdx12906u2zzhm0ja7kpc2ysc2qx330nm4l89gy0zfrx6axq044xa969qa,841.871375899277
account_rdx128pkqsxwejavzrlgs60wk943c36nu97yv8pmnprjgz9rkun88y3w4s,837.768115762313
account_rdx169nw7m83mxyl0ggzvkuqf7qa7y42jn0f78ahz4ndtal05lqw8w34n5,818.4045827360337
account_rdx168ydfsdh77sxhd4fgrtej8hkkefukgqga8xuh9vg3euc4eseqa6fap,818.3401140601329
account_rdx12x9mt6z4kkeggxzmxyx048juy9x42gvvhkvqhuk4hw4rj3dadyz5xs,807.5979658442466
account_rdx12yhcmylv8j64knjt63anzmkrkny0x70yvvj54ljfy0q6ll6jju3yz8,805.0191349652803
account_rdx16yw2xmznn47e7ntp5ksc6papq4ltt7vhs83kqvxju7e074730mdxgy,803.1395632567917
account_rdx128wa6uqtu66qkm7lmdhs73fnlhlruc5dzrwak8ayy5arcp0h4a9n99,801.22789990281
account_rdx16x2a4jc7cxjc7tfx9f74esqu65argp64k3ydx7jqc9tt475t8httnt,797.7544464278647
account_rdx1694z3fs4hu9xq9msj080dke3qp95fgjd4rmevw2segk44efsg6pvas,785.2359453988098
account_rdx169fthpj0gh7qzkg60ngsca8mwh3m67jj54g8457y0ggtdtsqusya5e,777.5907789997499
account_rdx1680sd3t34pz2z95g0xvyzjtmuqhr5av632ughjmzdv05f0a46eyuu6,773.4306196838376
account_rdx12837ray43azctc3unysrgqk7hp9p5s0epnen78y9mxrkj083v4vrck,766.5783419401878
account_rdx1283aqludfhgfpzmw267fzmp25hw2l9zkhwdlunx0sv0k3uavfj8cmd,741.1209037401222
account_rdx169sq4lc3sd3s2l9skw3exmfug6w55rghjvdvgvzkqvc8wzdlh8dk20,732.4277594121468
account_rdx1695v9rv2wcvj4yq98t45qntszzp5j2nsza3ur02merwlzqacn6mds6,731.1042858303127
account_rdx16y32ndyatdg73605taq2tvxf7tg4h8kgu647vf98m247fjsz033kkr,727.1250647199577
account_rdx12y07ak6pdeje03vyd24ftqrpr3xu2r75e0dxycfh3675uwtvpu9xut,704.6263401557989
account_rdx16ys2q6rhcdt69r4ps62f63lv82ykh4ftw9mfztzvtuzr28shv2a9fv,695.626324778694
account_rdx16x04n7gqjv3p5v9l9e8km7rhj2rcks0pzlmn3pcan6xzzlza2stt3t,689.4624882734893
account_rdx169ezxv6fk3zfewdwjtwznzc98jaugwjv8g8m0wwskqd42tfquxvgne,688.2037209840203
account_rdx12855yzh43ttvhsv397jjsldr69wqf2a5aqkzruqff8smc7m9gzwx65,647.5291766311785
account_rdx168cc2s7kudrjm28pr9c65md2sqy4lv39chudhrhquylwz9c05xl9wq,645.486155178223
account_rdx12yf9qnxutuvqx8nwu972m024cxakfcfs7vjrh5jcszy2f3h40jhk4j,641.5766339824844
account_rdx1297nrwqe495apz2mcsaz88zuyd3g8w2fy2eqrdcqc92l5xw4zzw5ng,603.2647246153696
account_rdx168c2wee344pujxgdcmg6uj89eu2tjr4qw4q66nrslkmuz7rl2y0dtx,602.4016114344587
account_rdx169qjhtxhsz7v9kexcl7acecd5968asakwjucyeq6q6cv8cldnudhvd,597.1218555641778
account_rdx168k36e5u0aag77whtzjtuw6mlppwert4lrhue6gg8n22hfpsssg392,586.3399603993679
account_rdx12x5ersqw6p2n8c26vj0vkllecc9femjq2xdf6f0e6acqfxgt05ha3p,576.0358974460654
account_rdx169zckptl50e5tuzlm2ydcps74m7a26xkfjv42d2uyee8nhtcvw7lvf,564.5550059456017
account_rdx168xhyxuvqu7y6kctg5u893ppfw0p7ajm3kfldd80znvnvls9g7wfe3,563.7132730374324
account_rdx128y5fe5ewm2c66n0xuwfj35jupdac2pqy2xe5fnv6lms5twqjtt9m2,560.5943966363541
account_rdx168kv3g4ghnjn6j2v37ynxm5a8h88j486yeur0n7s6d047jnlccvweq,559.801056294328
account_rdx12x3kvk42eate3hc9c30elpshwl78p87ne7vq2yyvx4cqfk9vsp3p40,557.1111831101688
account_rdx128sc5zq9s7zgwnp99s339kr6tzc27ncs2spyae607p5cuyhtlxx089,550.5839062229337
account_rdx128hglwch3n0csaflzfmpp6xr3qjmgq3mxxtvsa36jrg9wq4mepu2lv,537.4755701163473
account_rdx16yhfawrta34afndht8aqg7fkj934cen8sxe6v3mxtd4kcrdk2aj967,523.8041676268452
account_rdx1282909havtxvxgj6t546e48mjkzu59h4gsp5u4eqes5hr4zztzns3t,514.3665192266296
account_rdx129pry8qtthq0t70rxfrefey9jf7rx6tg7sd3fukchekdjkfphzey0e,509.41772517163065
account_rdx16x039j3rmxpfgtfmwrk57cfqctmpg3arajelsaaw3cjlhvgqupt4zp,507.0536190341381
account_rdx12xymkpsml9t65u32rchhasgzx32ajnnz8f6qwgts23rknlcrcn4gsm,506.60458098932355
account_rdx12xfw882v83gl4alnkkwk7yvsn3fs6favukatnk0sewkjd87pcm3y94,497.7199928257515
account_rdx169xydzkxjvrl9cscf0jl4gp4jmm7dqzmxpq7w8wm3kx06mtnjejzxt,497.0108992525885
account_rdx12xk7s0zv909drr89j2cs0f3mkjsp4drdxfe8l9kgdv0035u5m2qahc,495.9021011782583
account_rdx128syw30xax4ekkggy78cy8lg93htslr6xvemnsudnh95vt3z0dytyg,495.2331647379689
account_rdx168xx43cxjpyq4q3ucj96p7zkt0katulf52p2et0z29p5uesx5uu2gy,488.4471657568884
account_rdx12ysnfzec52czk963z2x2yy4z98jqupvv88rpt0n8wu92lul75cvcc0,488.0005914352317
account_rdx16xwc6w42de6wjrreq3tpzu283du97hfdgjszpqpjynk45da8u5u020,484.39119824101516
account_rdx129wf4f9hx4tlf0ls8u8fxeqpdy7za07ea5u0xal89t0h6a8fqs2839,482.4035318273255
account_rdx169dhxqg9vc6pmwkjyfzffs3rk38vfkewlqsm0eg8k9xak7gf0kaprw,481.3552570407572
account_rdx12y23wkzzp7xew8tjr4dnj0qjlcc8dk7kewqqje66fl0hva7tdzxx0y,480.43803564563177
account_rdx12xznqlejyjydnvm3u6zveeas7leyr857zgt94pzewttwq8dwreg75u,480.06262175560073
account_rdx169pyt9n6gzumhqaqd9z7z6vw27v538z9ehc3qaztm2c9jelc2ant4g,474.362170803449
account_rdx129fm4kd5f52c4pwwavhaqvjjj3tpu8alngz36lx5f35t8uelhrd45m,455.0685444668439
account_rdx12yjmxnexj58hgsrqmy3cf6m4e7t0zncvdjfsqvmp5vhllw4mgysl7k,448.2174919359701
account_rdx16yquzmdjkdt93vu39ux90z057tt9nes542592q3h6tfjtkr99lu0jt,438.866836877024
account_rdx1686wpanpqa4dm329qhr3ydwu3qhf7lv3flccvxq8jjhatmt558wkh2,436.5331529829426
account_rdx169jv5cptgut8gpdaq67ca0fhh2e09p7qgsngw5s2j5lrhs5s8xl9m9,435.12699093857714
account_rdx16y93d5sc54sh3f6ph5czng422ge8ak7llfrgv04tcv0lr6q3ncdkrj,428.22574652245623
account_rdx128rvka7mmnr9wguehy46vvvpv66v5ydr09ye63czaqqw5j8chcpsae,417.3601526474864
account_rdx169rzfnlw08dlf0etvzu7t7mf4tqx69t6aagj8ncy4wn3xhy2dl2l3l,405.5054875892341
account_rdx168q7rtlyccrtdcwylh39f7kvk29xvz0r3p32m275h505ud40fw8a38,398.4751203842175
account_rdx16xgpjrcdvkjep6xc5ysnf4fyfdwqdqts2er2x7ak0fgjyrl3yshjv4,397.4703896554406
account_rdx129ax5ds5kx6mslg7x4rtafe8yrm3nas836rahjun9k7c7j8mz4hn7x,396.64126258554626
account_rdx129zypuu9muarkmvkchxutk8d0u4ax3ltqecre4zrtundcsgwcqr99u,393.74725146343144
account_rdx169nmsqt9cv8cpp7s9q9g943uhapfe0pxcyyx4950dk8h7cc3mf6tpv,383.4468835886777
account_rdx16xd984s7af55h0cjn0tdp62ggskvlvpm3rdja8u2szdkm8fsj7x8m0,380.16502967007574
account_rdx128prgdsqwkw59q5y5yemakszdz09f3lpl5plt4jmt0s4agjg6v64wu,375.7465810576393
account_rdx168tk679um6dwdg6cmkhdal7ygz3rvvu6gq7ja9pvn94tjpm8kwpvas,359.6908908474961
account_rdx1680hlralwwn6ad8t64jwuzjluackkvqaz8rc56kw45nx5e4dpthpug,359.4615278582164
account_rdx16xps2yqqmw9ax788hdq75patscd677n26w4wdj9awckm92q4n63d7t,356.113529958304
account_rdx12yhfc5mjgg4fl2qrg6wpu6nj5axulrphcga9twh3zynf9y6wgkw37r,351.5795086528815
account_rdx1285fd3jsna3ul0mvr0ej2dv3nm58cdd6vy20x4kt0p0kc9jnhjjf74,350.3608098642355
account_rdx16xkad85f9xa873t75r3ln44m7mf5xj2ra2f8gvwl40ltqn6xdlnfjx,344.70884161160825
account_rdx16xn8yxa274vgqq7pahl9d7qp3jr84drcgh4v7usna6cv6sr3j28qjw,337.2420407628178
account_rdx129qkwy3480wp43lxpwl85lu0wgny0wwheugac6g945fxjv7falpaju,336.0969210694905
account_rdx168tez4ggz8spk3qcm0mm43smhwr79klmu75ck85ry0pjfhew4ks08z,334.41103154611557
account_rdx16x5q4kmnslnlmmwlhgzh83rfyw7z9qsh0xxu9u8wjf005jwndptlze,331.16274650126957
account_rdx16yz6380q7dakasuf9gf7k8y493np9k9spep92ndhz9lv77qt6vu0ht,321.09024978188825
account_rdx128jr4qwatt8nt7tztwqpk0rrkwackvqzjn3tczjxw5jm5wvjfdsdsd,313.1074396146884
account_rdx168xgvj4e5s3ez2mgtd49rvgl7t0l3zk9vnfn5yxhnqw328rm0sq0ct,307.66752328830984
account_rdx16xmyv9qqdtfjhplam265lc62fucfy93x3xw8sddkn6hr6s7tcq7uxd,307.3614240559274
account_rdx128rmwj280yamhxnevn262djvnxkvy00hujwny8uthg9gt59hq9ca55,298.8682097995355
account_rdx168cz9f8pavmj77a233fygyaf92emrdvrkh86vh0rc2ge6zuwtupflm,290.7304824936834
account_rdx128t8rem2t0w5sy4xhzcd3ttwkjjwtyh0vt6hu5lnwzxgz4fmvjaqjx,279.70730209910135
account_rdx12x7v0zxqvznh0qx280wsnx9rmn6w8t20fx29r9jt3xxez4perqc2eh,278.5410693404245
account_rdx169wst4yksmeju5v5qeek3h4g7lavjwcrcydmyeqfeya3taltnh0sc3,272.1117408623213
account_rdx128tlv659kgq3gekzt5wrn46pp5njwaeqhxp6kvwqthh4cz8cdxafkc,271.14864878376244
account_rdx12xdklxssf4rsp72cg737yynsxhj0et2du245ft2cng4y0xrr3sqaar,266.9982148646145
account_rdx16ywvklqalt2ay5vdqlvzf5xz7a28dpdjw3l9llyj3nv7fczm560l9l,266.34276116430306
account_rdx129fuewrdcy79wxrswglgq555a54twmxa083j2n6nygkl9p5pgvcm65,257.4501620118209
account_rdx1282dxusft8lqz4azr9j35jxrdm9psv70ygz2uwqlwxzu6y29rtefrk,254.5078231168117
account_rdx12x2lpdr92nnx3dqwgfej4d7w0ukk4z0u8r0k6ly65pj0asplfwenv6,248.0641780975871
account_rdx16ypswd955n43ad73g4jq53mkuthdedxk2fww3d0tlvl0fdfjm93hfp,243.63645099240185
account_rdx1686d0um0fuy4wt9t9r6f9vpr95a4p2fqt93z5cn3hhuq8rq9m7fyrj,240.42370364979402
account_rdx128ly2hts68mvjk45t44nzslh3kw5a84zrdnytyjh379mht5087vwzg,237.45441876257615
account_rdx1689mq6t8qf0lxe7gxws974p27j760jdnhywqpr4vcgvl20vwjnd30t,235.81476661054964
account_rdx129s8h43f5hgxgp305yt9s5pjx9kgvqcdtxue40l5jl3vhlnutvuf89,234.67895360913337
account_rdx16yjvfe0amf2g7c6mlqptkmxn55cw7tf8cpzwxa8pf6e8ly3nlft7qq,232.87588450133129
account_rdx16xmlmmuf0e4pp9xerczw9gst9awkpuujw6g0xuy3sluvrqex0zqxdw,231.82732747139042
account_rdx1692dmne89vsd6exafqt6xtwxyaj9gery2gzxatpcyz39hrcwzewphm,231.055199980813
account_rdx168mglendetf77nhv0w5qhqhmzfyanmth6wew9edmehltnfgg8y25dv,221.95259765297652
account_rdx12xsdf0dsy2hr2rvdk02lxwp309xjp57n33vskg09t9djgqdlm7y283,214.1286841723473
account_rdx12y228c884w0zm45vcc40c30654v90tzrp2dgz0wdcx2hu8fvqn3nth,210.98904941295626
account_rdx128ujwwcnz4rvrrysq3mpmyf9268z6hzgfj49muhf890q5c4stxudh6,210.0530430607923
account_rdx12xeh7s6grdcw72vt2dz5xfst97t5ngzrx2u4k3k6xkhd047vpl9yzm,199.00436394412472
account_rdx129g3w0xu4gd8xuq6ecupmrvsy2j6z6ca496wvqxa6r8d8lpm5mw2y3,195.73755235747677
account_rdx12xz2dnsl25mcrddvdjzrydjtxg430hdqs3dr65p55yjayaq6c8z8n2,189.15627727415364
account_rdx129u08rj0e68n3327rrs48c2envj2nfv8ep2tt44553f4j9d7fjpu7s,187.65556041052923
account_rdx12x5njr73q9ch932yjw7sxh0e27zuxx0zvae79a2qd5xtyc2w9892wl,187.30122634127983
account_rdx1287dfuws2e00kj6mgdsdllezz7c2efhp6m3sydyda2elxla8v74mpn,186.6465615934189
account_rdx169n2yn5hkmz2dgl7a5h9d2zsqpkf764suhsv5qc4zkjhuayfwpq020,185.6196103692358
account_rdx129pcnft00k4tphdjhtuvkd40znlz2zu6ydrp9h47daxzjma8mwnlzt,183.92184578309315
account_rdx16xr90yh820hqkth53xwr2jqyk668jd8zl9z9e3hxlr88lp323z4tdx,166.21222256157677
account_rdx16yt3xxdm32zad36xg89muucu3nnf0qn8hg0ap2y4nzgyamkjnml664,161.7825895386094
account_rdx12yma7vnyf5nxjvlupyjp590fpeg2j25x4demtvwhjvlhgm2af7agp2,156.7248239720613
account_rdx1282vrzfkzxmzrvdg7ze733uyjgdrgtw563sxsw9h47cxpf9dhfp0y2,153.05330088575576
account_rdx16xsnskw7vazchjkjr245g7e3vne85uftx9y547w32kj58wkpuutqcu,152.83774276129648
account_rdx1283l8tq8ty6ll0r2ytej464qkk0hpvkmycnwcwrd98rpq5grdgn5pu,151.6106254555134
account_rdx16ykgfqn94adk6repfut5y6nm35cvsd37qjedknpuvwu49uwvvaxkj2,148.51688963411112
account_rdx16xy6ntmreer2yu6kmsu4dy6pfahes84r3jqmqatdmegmf6vsgzd439,146.70750856730197
account_rdx12xarmwutrgkgg8v2h5tkgyy7dg8x8ja6sewmj9c62843n27p549xqg,143.28948368740996
account_rdx12yf4yuxnrsvjdu9hck84vhdmuzdsf0fsac9raakgghgnvmp7chc6sk,142.23872566985105
account_rdx12yjntqepfkxj8l5zgtps9vrdrutnl5l6xp2v323sqxwj2jpj94fus9,141.68806412866218
account_rdx129gdzpva7h36e6rd3q7438vcf3a3lsd4ek2g3ljce8d2k0z75k9znx,133.03663426931897
account_rdx12yem66wgm2dzfw9r6hscal88lzth4zrpzuduq986mu7x0gglsg5dsp,126.07341136481044
account_rdx12xquqjrwslyvhdezlk5qk0zw0wlg58n8fq92ld5rtjn6z5kgztvjsm,124.26493371635925
account_rdx12xe0lnghfw3qfv6s5mksa05ywpvecxk6c9ths2mxgg0qh07duzysax,123.2941890889563
account_rdx1697a08na002wgt49j4wh3t0ywztws8wagchaxwq9qhgqme7yrr2uev,117.42328442250846
account_rdx16xs9cznsg464ym26d88838ecmzdqlut5z8wqr94k28nu8yzku6dz5w,109.42590919050475
account_rdx12xg4wpxhw6xnqqw2tm6lcancytwxmlc2qaejdnsq7ftfcnux2rdjkn,109.10902050269804
account_rdx12x5qjq44r3nvrpe255mhed6l6w9x5flkmf9trlyn37txj44dt8q27s,108.10231410298094
account_rdx129kn6lg3v79a255g2y47tlsaqsceuu8tj5syc39r2q8dwksldjjqpq,106.7807661618204
account_rdx12y3xnjnpnxfzw7x6r5tkszmj6lju84y0u6nc7al6cfm0rzzy668u0r,106.64143821740707
account_rdx12yaqnmdmvfl5p32kazryc78g292w8q6lfyncrsduv5x6mvf22hsjl2,98.04555532318899
account_rdx12xp4rrg5xpqn4vj2y5wjftl5p9z7rlpp7qg8gvrdyxjstxj24kef0h,97.92474917334413
account_rdx16ypnwd0taezl6fdu9fkpkw9guy8evaw6ljfflwaml86ckqy3d6sx3r,97.57979603116783
account_rdx12x76gyqltm74qgkplq3t0scjjpqjwcffe4tzas4yvwv67z9t8we9v9,95.80796628650712
account_rdx16xcnrgyg0hr8jxvsde2nx67yts48jacvq7g0agg0eeldwe5mm7upd4,92.41378290459987
account_rdx16xkwcspqnp4y4ge4r6t7wpdr3pqmawpetq3xt6cw9sm7jcej8lu84q,87.27329899141117
account_rdx12896ev6naxt3qhl3ufu7sc59ejr0fur7ulvg2m4g4lpx33h7zewl24,84.32611853727147
account_rdx128tjkgs5fpfvyfqcr29vmkmqn9u6f8klhajzzgdc8yxl7pksuzwr54,82.5825287366217
account_rdx1687q73hwtncnhzhszfvz6hc09ckpdngseyvgeravax8gq425n37542,81.28054250626967
account_rdx12yxj0mzk989ge2cu4gx4del30squymfn2en8zj022ufl3dv5z0uacy,79.94674173715073
account_rdx12yu4ux9ywnx8hnamugcprk25yesetmx23tmknexcddlvwnzeg2vh2j,78.61325012498257
account_rdx12xsdsc3nr6pxumtmyeu3u7cffrua6z4jfgagu2suzdf92u6xl4stav,76.20855456176845
account_rdx168yvw9atqed0j666xka6yu26lxgeex4ch98eq5cddtr3dlmx23uxdy,75.30140642556826
account_rdx128a4wk3jaweykfytqnxwtg0wh9dhw9xtvkztxc40ukddpf2frm65ez,74.75248777124692
account_rdx129k62esj04velpkrj68yrpk62jk4e2730q99yv4tjn59l29laj9m7s,74.19933668316978
account_rdx128s02epp4n94cdt3yf6u680m8gqf49p5y38m2jx4dgfk82qhr6awpr,73.78385073671548
account_rdx129r7ue43zatzmz9hmu4q37kpp83zu907rpmt2w2wdsxt2ff2h2paj7,71.76224515627531
account_rdx16yxsxz0fcpd62rap959dspfvwrkyp33n463t55m0kft5re0g2e5se3,71.61717953313914
account_rdx12y6l8ey7d3y96df5nzn4nh496whwe0efwnjlejhgzrrz8jr93jl49t,69.39330006907574
account_rdx12y80c9fhu56gt0sww7yws9scegd8e8m3aw2n5hgvgsvs4psxutxm7d,68.49008038606625
account_rdx168avr23lxu038amv9t73j89ggd356z4js7cez0vn4cx7c5swnsuey5,67.77619044603553
account_rdx12xwz2yd0es2le95xdwzgkvw8hq50xmk8247xaydwh0qccfwq2hagvd,66.425800530274
account_rdx16xr2we0rfnnreaunvraalrckhlxkhrkpvdg4a8j96pnpak959mnxan,62.15265454580219
account_rdx16ykfu8vcu88m6hdnsjc26ynd0dmy2rnu2e9sc88z6n66xsxk9vthqk,58.59863124346097
account_rdx16x0h8nq2kw8kg27nqj0wwc888vf5f68m9va02dzwc8l8t0x56jyj0t,58.11835012277879
account_rdx12ygstqm2u96zprss02tfcx9fr0vjmvvept40ucld6tewu7pzug7s9v,57.997576632902685
account_rdx169gcpea63eyjkegnejm7yfde93eu7ksnhrm6fn6u8xp5crrnrg9a5p,55.5064054633214
account_rdx129cqchtyn4rfmwrfseds5nedq5m8kzjgz24pzghpkpw326xhdw90ws,54.62276265310309
account_rdx16yz8pa3mwdkk5sm44vry7u0u4kklcnc3rp9jxs8wah8zhg05cn085z,54.034966998491846
account_rdx128q0wddadua9203qtvfv0hx4cs8dd698t2t9092q5uc2l94gh88c7e,50.42976066979962
account_rdx169pfn0cyzuh2seyyj5f96cy546wuu2cp9atp3v37fw0kjdzdzaqdq8,50.22929704224127
account_rdx12x2z346nxlknuuyxr2hmqu8n5wn2prdt3y57v4hllvxrhvmtnefm5g,49.40546694196728
account_rdx12y5vwk4c2fx2jfr4n07kjtfpep5gldz8c6ul8603uxt0tw4802avfp,49.36414789932613
account_rdx12x34f36v746376sl69lqax8ccd2wxzux77dnmpm8te0kzump2u3z87,49.21481119523084
account_rdx12y35l564yf0ddct9pyc4vvh29r4dfh86qq080j382j453edc7n67fl,48.176717290259425
account_rdx12xdnf9c9xd4nat3xr6efdvtp292n94dux7t9wzmwjvudv59exgh5r2,47.54760091533287
account_rdx12ylzt2eugv4g6thxkj3e7weza43dqsv38c3hxeq9tjffuvu29qlllv,45.440546862484396
account_rdx169n5vme3lclgvfze8m9xaxy76q2xf4rkc48u6pczxns8g34suyx4fc,44.425848763643025
account_rdx128wnwjuqk59qj5cfqcr69judsss6yukfp37fdcx8x57v5junrtfp7p,42.95501451732831
account_rdx12yajwewc75xzw79fmc5qkqs8ass8jln53f9fygqcgy2qkpth2z2t5z,40.804363215265944
account_rdx16xuw9pq7xl6qazdp88kcy8z2d0ly5t56nqyuysvzj3ymd9thleuspl,39.20992229195792
account_rdx12yd07ujl9e5qfhtsvqrz6lq7gh89cxedj2a6a84lztf4t9ffgvy74f,34.541292000584306
account_rdx1298j8hyj02597935w24lgk9w7rm2kjh0d90acndwky2ys5qhkd40pg,32.49234318242141
account_rdx16xypjjkznprg0ufamu3ka59d2kn57tq3r9dtp3ymmzu98avexm4uhm,30.572417097093645
account_rdx12xzxeg7qefffudr0m9zyqmetjw56exp5cqk9krljpwt0um30yt3k0g,30.510798263780913
account_rdx12ydgkzly395atqyh6lhghpvm906x2683sw9s9s4qzvzrk820y9zd6j,28.81532054089397
account_rdx12887jtt5y07eqqztedtmw3fu8g9lqk9zrrgrzjvxf9pwazwg7lu0qy,28.481357588567054
account_rdx129xa8g8u4mqh6fdz4hr2cenmejafa7g9yghzlnau9jhdkzpry339w2,25.8381878779036
account_rdx12ywzxavwcehl972kx99xa9uqxsq9zucjzs9q0zt8rkjttelk0jrd8j,24.591796490055508
account_rdx12y5mruk28fataz0t9nd0vq8lky0h7u5q8xmt4dawsmfysa28km43lg,23.252057599303733
account_rdx169j9t5gmfmnclhj2vvkzvaurx2sjuxthhg55p6xhpqudgzpemlhpne,19.405928511769456
account_rdx16x3ndu3gr57mh6frhq097d3fcyqthut6rk59j8n9r4pu06rd2ywhpy,17.056186268991397
account_rdx129eujs0gmhjfex4l8ez0p0p0lj4znkp5eq6xsy0jjucm0evgujstmw,16.241391650262564
account_rdx12xm3flhpkh7ldrufmge3eur489qnxypnxhg9ncvvh05at7nsskzfsk,14.363040522307287
account_rdx128z9gmsh8hy60ps9lcu4dqn2f42r9c48vj6mmqk3jpwy0nn63fwzq9,13.954308024260813
account_rdx168ykspjyzta5jewrlwd0nj3u7h4t2j3gc77eqx2flg4t2teefn232q,13.867607207062331
account_rdx168mrkg3kdr26terpgp07r3y86kfq86g9ptdm9hv48lrd8397tn8ptn,12.556975824264867
account_rdx12xnl6zky9cu4tpyxk6uymaskzdpsq6sp00xy36l434u27a8p7xmhge,10.5692670465663
account_rdx16xakt3363rjuay7x08wsfm8xp4ktr055x5nayanvtcanec6jfczge2,10.316260603312164
account_rdx129xn45hm9wty7dvqdfmspydny2qcc954zyfahd0ry9heg3tm54q2qh,9.703284643009106
account_rdx16xczpypwynzay06f2fn07zyyaz9puz306xhywt6nkctecqflgpzz06,8.787291870762475
account_rdx1283kz9dsmswrfmpm8fxe4ghtnz0k0wye8ud78zez3r99qy3kkus9dc,8.6696392882276
account_rdx129d9x0kqds7la29wwvyzrl4zzz3rz6n7qp4nwutvt3xqefvssvunf9,6.3823399752391365
account_rdx168shdgv9kxkevy2rmv6lvqz5qm3k22k0x67y0u4plkxs6u6nzdemgm,5.670049392480644
account_rdx129lu29ukxrjjlc49rgn4tvtlvrkj8ms9jw4mzht2ynm9ysum790ne4,5.663093511041712
account_rdx128alt8kzz9c2qpgmp6fcx0xevuz93w9q356746lr4fwfmfjgy4wv33,5.356623993898428
account_rdx129g9qhjpq7ve9q8vt2qkydgdjj28ch9w4q9ld00ztcdyt8uk4xzxcf,4.413741272071034
account_rdx12yx36v9tq5zupxvgp39lq5qsrk5ght5y6ee6rpg5kwnx7ynaz7cvre,0.9363732037858015
account_rdx16xj28wd4hrvm5c58rx6us622g8e972y43pa2hvtqlhqefg24xqucsf,0.00000000000004951
